1.1251
1.6098
-0.6699
0.9032
-1.0392
2.6992
-3.6506
-1.9370
-2.4490
-2.2250
3.2443
-3.9276
-0.3343
-2.1822
-1.1793
0.4602
1.1733
-0.9045
5.2289
0.7792
-0.7620
0.8002
-2.1344
0.3824
-1.8747
1.7628
2.1866
0.6758
-1.3149
2.4737
-0.0140
-1.2632
0.0013
1.8147
0.0604
-1.7265
2.0297
-0.6831
1.5883
-2.2290
3.0668
-1.8634
1.5339
0.6003
-0.6386
1.2338
2.6812
-0.8964
0.6065
0.3629
-0.7488
-2.3889
0.4572
2.2191
-0.8734
-2.3196
-4.2726
-0.3194
-1.5734
-0.6248
-1.2622
0.9741
0.6876
-0.5717
-0.1656
0.2022
-2.1579
-0.9916
1.5721
0.4916
-2.0871
-3.7040
-0.0637
0.0168
2.0971
0.4665
1.2342
-0.0763
-0.9111
1.6426
-0.2222
-2.7907
1.8212
-0.4201
1.5843
1.9712
1.4282
1.9795
-1.0024
2.7399
-2.9897
2.9668
-1.2478
-3.6344
3.0920
0.5966
-2.0417
0.4897
-2.0227
0.7907
2.3317
3.9853
1.2970
1.5333
5.0750
-0.7172
-4.2840
-0.7177
0.9650
-0.8613
0.5508
-0.9257
0.6108
-3.0067
0.5279
3.9475
2.5239
1.5494
1.1866
1.0833
0.4805
-3.4679
1.4091
-1.3416
0.8588
-2.1092
-1.4997
2.8031
2.1607
2.4065
2.4397
4.4216
4.6165
2.9494
4.1510
-0.8198
0.2618
3.2401
-1.6347
4.3117
-2.0393
3.4335
0.9729
1.8053
0.3945
3.2325
-0.5420
-1.6358
-1.0666
1.9412
-1.9995
1.6857
-0.6608
1.6730
-2.4407
5.6095
-1.2905
2.6436
1.5356
0.7855
3.1750
-2.1715
2.5568
0.6274
2.4006
1.3633
0.3444
2.2704
-0.8490
2.4190
-0.1517
1.0559
1.2011
2.2829
-1.2752
0.6933
5.1121
5.2165
1.2909
3.1192
4.2117
-1.3972
1.1499
-1.9745
2.4921
4.3991
3.3271
3.2820
-1.8630
-0.7820
3.9896
-1.0831
1.0377
3.1234
0.0751
1.2224
2.7354
2.3593
-0.3608
1.6265
0.2208
-1.4504
1.1360
0.2028
1.0088
-1.8067
0.1991
4.5733
2.4255
4.2424
-0.4775
0.8168
1.3637
1.1241
0.9123
2.0229
3.2905
0.3769
-2.3044
1.9315
1.5069
4.7009
-2.1997
3.0903
1.6934
3.1436
-0.4840
2.1584
0.4049
5.4363
0.3924
-1.7456
-1.0202
0.4943
1.8424
0.3866
3.9855
4.1231
3.1931
1.1553
-0.3873
3.2368
-2.0889
2.1826
-2.4522
0.7015
0.5146
0.2996
2.0214
-0.5562
3.0592
-0.1884
2.3602
5.2047
1.8035
1.2835
1.1745
-0.9423
1.0417
4.6954
2.1774
1.6386
3.1251
-0.2235
0.5639
4.0831
0.4620
1.6809
0.1135
2.5482
1.0655
3.6276
0.0297
1.5032
-0.5743
1.0960
6.0960
0.1764
1.1736
3.2286
3.2126
3.6313
-0.4922
-0.2233
-1.2034
-1.9286
0.9732
1.3367
-1.8108
1.7288
0.5528
-0.0190
1.1574
1.1321
2.7425
3.3138
4.1934
1.9350
1.2178
1.1436
0.4270
3.7433
-0.1840
-0.0160
-3.5231
3.9311
3.4582
2.4699
2.1226
2.4584
1.4858
1.0414
2.0924
0.6297
2.4413
-1.3872
2.7067
-2.0582
0.7186
-0.0389
2.1599
2.5591
2.1502
-0.0596
6.6479
0.8603
3.7014
2.6459
1.0165
2.0983
-2.1099
-2.8834
1.3182
0.6684
0.7396
0.6045
2.7540
0.9636
-0.2969
2.9022
1.3652
2.2096
1.9423
2.1252
2.1584
1.3087
1.8040
-0.1824
0.3845
-2.8471
0.1913
2.5401
3.8966
2.7505
0.0429
-0.5898
5.1825
1.7587
-0.2821
4.5630
-1.5597
-0.3978
3.9624
4.4032
0.5542
4.1010
3.6457
-1.1422
3.1614
-2.4381
2.4518
0.9693
-0.2646
4.1468
-1.6635
0.3141
1.5259
0.4964
2.3770
2.4389
-2.0622
1.4699
0.5869
0.6035
0.7753
0.4495
2.0438
1.7828
-0.1955
1.0722
0.2775
2.8632
-0.0608
3.8362
-1.2213
2.2879
-1.4907
0.4972
-3.9372
3.3227
0.3461
1.0930
4.4215
0.4795
-1.1116
-0.7956
0.5651
0.0642
1.7728
1.1414
1.0355
-0.7177
0.1486
-2.1551
1.2799
2.6212
-0.8504
0.5881
-1.0046
4.8581
-1.4813
2.3640
-0.3983
-0.4305
1.1151
-0.7352
0.0997
0.6219
2.2694
-1.0128
0.3953
0.3387
-0.2984
-0.0262
-1.0842
0.1670
-2.6133
0.4885
-0.3951
-3.0330
-0.5656
-2.1517
-4.6730
3.8107
-0.2142
1.3300
-0.5492
-1.7531
0.1850
-0.0067
-0.0850
-0.9970
0.1939
0.8956
-1.5424
1.7519
-0.4995
1.4250
-1.1919
1.0748
1.7453
2.4220
2.9130
2.4865
1.1628
-0.5211
-2.1236
-0.4646
0.7909
0.4925
2.5012
-2.0120
0.7545
0.8728
3.5155
-0.3623
-0.0234
-0.4277
1.8001
-3.6749
1.8759
-1.8552
2.6664
-2.3561
-2.0893
1.0551
0.9913
-0.2401
0.2708
0.9636
1.1673
-0.4170
3.1950
-3.2560
1.4413
-0.8874
-0.9749
0.0455
-4.2856
0.5427
2.8694
5.0635
-1.5079
-2.2046
0.6939
-2.1597
-1.1268
-3.4915
-3.0647
1.7403
0.0672
2.4282
-0.0861
-0.2630
1.7472
1.3797
2.0415
-2.5804
3.1137
-0.1358
2.2218
0.4100
-1.6980
-3.2497
1.8055
0.0595
-1.0022
-0.8242
-3.6844
-0.3768
3.1598
0.2617
1.7558
1.5002
0.2849
0.3048
-1.6719
0.1064
-1.9133
3.8349
-0.9905
-0.3866
2.0503
2.2826
0.1985
0.2564
-1.8748
0.4687
1.1096
0.8177
3.0909
0.5731
2.5134
-3.0639
0.1477
-2.2788
3.0190
-3.0746
2.5859
3.8210
-2.2421
0.3300
-1.5020
-3.6547
-0.3453
2.8338
-3.8014
-0.3598
1.6389
1.8130
-3.9290
3.3172
-1.5696
-4.3870
0.5801
2.7082
-0.7828
-1.7067
2.5817
0.2486
-1.4272
1.7432
0.6786
0.3177
0.6676
-2.2089
0.5209
1.1371
1.8364
-0.4782
-0.0214
0.1160
0.1669
0.9084
1.0937
-1.6648
-1.8856
-1.6611
0.0327
1.3922
1.7449
3.1903
0.1665
3.4922
0.6450
1.9486
-2.4959
-2.8414
1.0683
-1.3436
2.1177
-2.2225
0.2900
0.4851
-0.3950
-0.1116
-0.5471
-1.7418
-0.9269
2.4432
-2.9531
4.2045
-0.6744
-1.0612
-1.9042
1.4646
-2.4608
0.1535
0.4959
-2.3714
-3.4909
-0.5300
0.3045
-0.5182
-0.8831
-1.9151
0.3427
0.2216
1.0958
0.5481
1.7555
2.1950
2.2459
-1.2551
1.7751
2.6529
0.2416
1.1833
-0.7061
-1.0405
3.7416
2.1745
-2.2704
-2.6372
-3.1951
-0.5737
-1.5559
-2.7133
-1.7181
0.3913
-4.7112
3.2078
-0.3715
-1.5752
-2.7147
2.6565
0.6211
1.0654
-1.2696
1.6818
3.2904
1.4247
-2.0078
1.4554
-4.3621
0.5326
1.7014
0.2098
-3.2696
0.4386
-3.1509
-1.4999
-1.9306
-1.4834
-0.0390
-0.9784
2.7212
2.8427
0.2890
-2.4208
1.7312
-3.6620
2.5369
3.4429
4.6061
-0.1562
-0.0932
-0.3513
0.9472
-0.3654
-1.7087
-1.5203
1.7506
-0.2786
-2.2831
-1.5086
2.5505
2.1167
-0.9060
0.7052
-0.3244
-0.9699
-6.1455
-0.6072
-2.2432
0.8227
1.3974
4.7595
0.5559
0.3278
0.0260
2.4253
0.6431
2.5437
0.3635
1.9895
1.1241
-3.3592
-0.8551
-1.5285
0.4867
-0.6412
0.6280
-1.9732
-1.3932
-3.8474
0.5381
2.4657
2.0801
-1.0053
-6.2588
-1.0031
2.7535
-1.2881
0.0221
0.7128
-1.2200
-1.3756
0.3236
0.8226
1.7219
-1.3609
-0.4606
-3.2648
1.0806
1.7184
2.0663
1.5705
-3.9064
3.2562
1.5822
-3.6630
-1.4490
-2.8278
-2.2977
-0.5677
1.0656
1.2053
1.5562
-0.6158
-0.2932
-0.3074
-3.0327
-1.2022
-1.0118
0.8347
0.2077
-0.2715
2.5685
0.3194
2.0515
1.4794
-0.8017
1.8818
3.2342
1.5874
7.7599
0.8754
-1.1020
0.1830
-0.4289
-1.7332
1.7228
1.3336
1.7091
0.5844
2.1057
-0.0718
0.1644
-1.3493
5.2604
4.3610
1.6839
1.6869
1.8235
4.7599
1.1567
-0.5830
2.5977
1.9115
0.2495
3.5151
0.1867
1.6447
0.3442
-0.2701
1.9997
-3.3370
-0.5130
2.9807
2.3353
-0.4915
1.1423
-1.5898
3.0003
-0.4712
1.5728
0.0046
0.0530
-0.4840
5.1188
2.3425
-2.1176
1.3977
-1.2749
4.9577
-1.3670
2.9927
2.9325
2.7470
2.2742
1.2127
0.3800
-1.0894
0.1846
-1.8103
2.9812
1.1415
-1.4747
-1.8906
-0.7033
-1.6553
5.0294
-0.2347
0.5265
1.7632
1.0451
2.3300
-0.4511
0.3916
2.0681
3.0007
1.8910
0.5514
-2.5891
2.6378
1.2087
1.2642
3.6468
2.7425
3.7280
1.8112
-0.7218
2.0052
1.1616
3.2320
-0.5635
2.2139
-0.8897
6.1975
1.8321
-2.0498
-0.3824
1.7669
-1.7975
0.5230
3.3834
3.1116
-1.1612
0.0926
3.1775
2.7236
-1.1233
0.6686
-2.6209
-1.7887
2.0315
-1.5352
2.6296
-1.9903
2.3904
-0.7494
-0.2376
1.3383
-0.7690
0.1324
0.4725
-0.5373
-2.4676
-0.4407
0.9374
-2.1852
-2.8766
3.1606
-1.0121
2.1247
-0.0964
4.2738
-0.1845
1.5100
1.3123
-2.4080
0.2933
3.0653
-1.1930
1.7771
-4.0380
-1.2953
2.3997
0.7542
1.0937
2.3211
4.1006
2.5128
2.1915
3.3904
0.4197
-2.7824
3.5570
1.0467
-1.3003
0.3023
-4.0680
-0.6927
-2.9052
-3.4666
2.8074
-0.0908
1.6584
-2.4837
0.3705
0.0487
1.1496
3.0989
-0.7944
-0.9543
-0.6650
1.1360
-1.0404
3.9806
2.6545
1.6748
-5.1341
-1.3766
1.0407
0.6230
2.4906
-1.5676
1.2760
-0.1633
0.1883
-2.1900
0.9443
-0.2485
-1.0695
0.9491
0.2278
-2.5525
1.1810
1.8834
3.1250
1.6553
-2.2906
1.5046
0.3280
4.0024
-0.1865
3.6100
0.5424
-1.2283
-1.2578
1.5330
-1.3680
0.1453
1.4294
1.7736
-1.1410
-0.0850
-0.7640
-0.6120
-0.4097
3.0071
-3.5029
0.1396
0.6171
0.0665
4.6036
0.8012
-2.7144
0.9991
1.2466
2.8291
-0.3133
2.8708
-2.2058
-1.9028
0.5991
-1.9895
-0.1264
3.7175
0.7819
-1.2360
-4.3542
-1.9158
3.3605
-0.2132
2.6988
-1.6357
-1.2839
-1.0388
-3.2515
0.8678
-0.6173
1.7846
-0.7784
0.1281
0.0271
-1.7056
-2.8413
1.4646
2.1054
3.8299
1.0803
-1.6408
1.2882
1.0769
-1.8228
4.7290
1.2357
2.9423
3.4424
1.1912
3.7422
3.3046
-0.6054
-2.1816
3.5828
2.9291
0.8431
-0.3374
-1.3042
-0.3245
3.2387
1.7296
0.4980
4.8511
-2.3195
2.2460
0.7571
2.1003
1.6713
-2.9499
-1.2765
-0.4310
0.8764
-0.2744
-1.5450
-1.8809
-2.2229
-0.1320
-0.5051
-0.8423
2.2749
1.7487
-2.5182
-3.6944
-0.5116
-0.7079
-1.8116
-0.1712
2.6930
0.2338
-1.3770
-2.8271
2.6498
-1.9268
-1.6642
-2.3528
-0.4748
3.0335
1.1366
-0.0708
5.5081
-0.5059
1.8677
0.8947
0.3803
-1.3402
0.2933
-1.0874
-0.4191
1.4033
-1.2570
-3.3736
0.3454
-2.9997
-1.1901
0.0231
-1.5357
0.4771
-1.6607
0.2206
1.4284
-4.6297
-0.3777
-5.5050
0.2356
2.1051
-0.3660
-0.2289
0.3776
0.1282
1.4245
0.7124
1.2031
-1.5397
1.7391
3.2096
1.1107
-3.5734
0.0364
-0.4384
-1.1795
-2.2126
0.3083
-2.7629
-0.5021
-0.9389
1.1335
-0.1244
0.0609
-2.8443
0.6641
0.9706
2.6270
2.5071
2.4359
1.4242
2.0021
1.0512
3.6281
-0.1920
-0.1633
1.0553
1.8092
-2.8285
0.1219
1.5724
-0.8503
0.7195
-2.0703
-3.8446
-1.6654
0.1246
2.5708
0.5227
1.1127
1.3312
2.0968
0.5512
5.0188
2.8652
4.8380
1.4784
-1.4809
-1.7026
0.3887
1.5270
2.3431
-0.7864
-2.0446
3.6859
1.2210
0.1491
-1.6128
-1.6121
-2.6866
2.6039
1.6235
2.6844
1.8361
3.9099
-1.0764
-2.3065
0.4276
5.4030
0.8700
-0.4707
-0.3001
1.5471
0.9694
-2.9530
-1.5050
-1.1525
1.5700
1.1667
2.2961
1.7584
1.2051
0.6990
1.7696
3.3447
-3.4522
0.2730
3.8505
-1.0049
1.3143
-1.0975
1.1944
-0.0086
-2.6181
1.1001
-0.5173
-1.9677
0.0557
2.1674
3.7807
0.3179
1.1350
0.7993
0.3482
1.4801
-2.2426
-0.7029
-3.0020
1.0647
-2.6627
2.7172
3.2026
2.2133
3.0089
-2.3586
6.3875
0.0334
0.6434
4.4856
1.8232
-0.5240
3.7427
0.7157
4.0549
0.7257
-0.7638
0.8484
4.2361
-0.7676
2.5432
0.7184
2.3787
-1.1117
1.5361
0.3940
1.8886
3.0035
1.8225
-1.5677
-2.2550
1.0469
2.7717
1.8633
1.0422
2.4750
-0.6553
-0.2222
-1.4037
-0.7970
2.1172
-0.1172
-1.6037
0.3944
3.4168
1.4223
5.3224
3.6326
-1.2695
-1.1043
-1.6518
-0.6031
4.5402
4.2837
-1.1716
-1.7584
0.2297
-0.7520
1.8846
1.6649
0.2383
2.4745
0.5844
-0.5993
1.3291
2.1033
2.8010
7.0338
-2.0329
-2.0979
-1.0843
2.9687
1.5567
3.9443
0.2575
1.2501
4.7934
-3.0763
0.3526
1.0809
1.7486
2.8705
-2.3122
2.1644
2.1408
-0.8091
2.3989
0.5726
1.4863
4.1707
2.5286
-2.8906
3.7717
2.3640
1.8335
0.8635
1.6357
1.0823
0.6754
0.7202
5.2009
-0.6157
4.0909
1.9364
-1.5361
-1.5768
0.0589
0.6501
2.5337
0.4643
5.0180
1.9108
1.3391
-0.1604
3.0809
1.5530
-0.0411
-0.6872
-1.3402
0.6266
-1.9341
2.7935
0.1034
1.3116
2.8710
4.1534
1.2171
-0.4466
-0.6902
1.7433
0.4026
1.6755
4.2141
2.6462
-2.4167
4.1437
1.0461
-0.6325
1.3735
1.6923
4.5412
2.6806
-0.9013
2.2810
3.5522
-0.7436
-2.4219
2.4065
3.4498
-1.1209
4.8169
-0.4549
2.8139
-0.4796
0.1389
3.3598
1.8484
1.1319
0.7851
2.9242
3.1491
-0.7468
2.6296
0.0627
0.2902
-2.1237
-1.4172
0.5669
-0.5720
-0.3887
1.5554
0.3120
-2.1293
-2.2198
0.1587
-1.7305
0.2230
1.7090
-2.6227
-3.5396
0.6174
-1.5750
-0.1652
-2.1824
-0.3035
1.2992
2.2150
3.0290
0.2017
-1.1209
2.0527
-1.5425
0.1290
2.0862
3.0476
0.0502
-2.0131
2.5831
-1.2727
0.9336
-0.4471
1.7903
1.6865
2.0612
0.1071
0.4081
3.8569
-2.0614
-2.5860
-0.6050
4.8334
4.0481
-3.0479
1.6366
-1.5757
-2.2205
1.1052
-3.1657
-0.4967
1.0807
1.0398
0.7449
-2.8406
0.6844
-1.8017
-1.8840
0.2612
0.7309
-2.8313
-2.5682
-0.1457
0.6993
0.2168
-0.8685
2.2036
-1.6697
1.8161
2.1491
-4.0262
-1.1483
1.6289
-4.0879
0.9157
0.3508
2.0731
-0.8559
0.5010
-0.9139
0.5022
0.0323
0.4168
0.4426
-1.6230
-2.2661
-1.2532
3.4293
-1.5326
-2.3076
-2.7760
0.8287
-0.3131
3.5207
-0.3101
-3.0326
-2.3252
-1.6821
-3.2929
-0.1730
2.1785
-1.4047
-1.2882
-1.0689
-1.5692
-1.5177
-3.5069
-4.3437
2.9393
-1.0704
-0.4864
1.0562
-0.7629
-1.6948
-0.5381
0.5923
-1.0687
-3.9042
4.9463
0.7708
1.7651
-0.1006
-1.0533
-0.9724
-0.1155
-0.0224
-1.7091
0.5988
-1.2013
1.4382
-2.8889
1.4302
0.0946
1.2495
-2.8744
0.5581
0.3419
0.4249
0.3127
-4.1705
-2.9300
-2.2599
0.3086
-1.2338
-2.5451
-2.9116
-1.4170
-0.6111
-0.8563
-1.6885
1.9721
-2.3226
-1.5081
-2.5354
-1.3296
-1.9712
-1.1684
2.9156
1.2540
-0.1150
0.3516
0.3236
1.6619
-0.3097
0.2137
-1.5429
1.0136
-1.6277
1.1272
0.1040
-0.9640
-0.1420
-0.1615
0.1497
-3.1141
1.9438
-2.2503
0.6064
3.6264
0.2952
-1.4103
-3.5744
-2.0884
3.8712
0.8714
-0.8266
3.4030
-1.9992
1.0045
-2.2290
-0.8812
-0.7551
1.0025
1.5021
0.0991
-1.8908
-0.3465
2.5564
-3.3075
-1.2578
1.9642
3.4424
-2.4375
1.5834
0.3561
0.8918
-0.1396
1.3916
-1.9085
-5.4507
-2.8104
0.2623
-1.7479
-2.2731
3.2825
-1.4818
-1.6748
3.5072
1.0252
-3.7571
-2.3588
-1.7583
0.8020
-0.2951
1.5454
3.3124
-0.2774
1.7480
-0.3793
-2.5925
0.8350
0.4369
-0.3607
1.5856
-1.9474
1.3359
-2.0976
5.3098
1.3649
-0.7339
-1.9410
0.2343
0.1929
2.4564
-0.3549
-0.9123
1.4071
2.2443
-0.0488
1.1251
1.5264
0.2320
4.8120
2.9265
1.6030
-1.9301
2.8869
2.1055
0.6872
2.1227
0.3677
0.7332
-1.6608
2.5365
1.1951
1.4371
0.8357
1.1876
-0.8012
-2.0647
-1.4985
2.1725
3.0531
3.2074
3.2032
1.7957
2.7783
0.6491
0.4824
-0.5326
-0.6826
1.7371
1.1695
0.2373
3.0629
2.5484
-0.9275
2.3562
1.2824
1.8188
1.6493
3.6447
-0.0896
3.5984
3.1775
2.7998
-0.6991
-0.6806
-0.1951
3.6331
1.1208
2.2434
0.2009
0.3209
3.1390
-2.1633
1.9356
-0.4148
0.8754
0.7697
2.2570
1.5042
-0.0887
4.1814
-1.0142
0.4087
-0.1847
-0.2266
2.8931
-2.3622
1.6685
-1.9392
1.0023
0.5914
-0.2090
-0.5533
0.2067
3.2743
2.0213
1.7331
-1.4540
3.3193
-1.2114
1.4048
4.3139
-0.5724
1.9374
-1.6391
-0.2721
0.4001
-0.9803
-1.0135
4.1120
0.1734
0.2311
1.8462
2.6776
1.5265
1.9897
1.0812
-1.0413
-2.5791
-0.3060
3.4761
3.7248
4.9536
0.1858
3.4389
2.7111
0.3083
-2.1718
2.2512
-0.3624
4.3913
1.4159
1.5736
2.8039
1.5704
2.2678
2.5917
0.1984
-0.5810
-2.5956
2.7458
-0.3021
-0.1873
3.0747
-1.1790
-1.9431
2.4594
0.3039
1.9361
0.3231
0.4275
-0.6528
0.8710
-0.7407
-3.8978
2.2529
-1.2207
-0.3162
-0.4825
0.3308
0.4628
-1.6346
3.4355
-0.7766
-0.0806
1.7093
-2.0342
0.5476
1.2861
-0.1741
-0.2577
-0.7098
-2.1069
1.8565
-1.2597
-2.5130
-0.7514
0.2631
-1.2593
1.2933
1.2957
0.1042
2.8867
-0.9938
1.4875
0.1451
2.8032
-0.2472
3.5867
-1.0593
-0.5322
-0.8875
1.6893
-0.8894
-2.2240
1.2761
-1.0020
1.0458
1.0381
-1.1279
0.2114
-1.6787
1.7490
1.5016
-2.1051
5.1586
0.1802
0.8899
-1.2666
4.0933
-1.7960
2.5755
-0.0152
0.2985
0.6811
-1.6194
2.0155
3.6291
-0.6572
0.4436
-1.2309
1.7394
3.1665
0.7853
2.6212
-5.4716
2.6431
-0.0228
1.4637
-1.0853
2.1132
-0.4094
1.9296
1.4856
0.8669
0.6308
-1.1166
-0.6702
0.1771
-0.2963
-0.2518
2.1090
-0.0369
0.1492
2.2148
2.0818
-0.1376
-1.8125
1.5135
-0.0187
0.0463
0.2671
-0.7722
-0.5573
0.1587
2.4671
2.6509
-1.8764
0.1199
-0.7433
0.7431
-0.7289
-0.9429
-0.0664
0.7153
3.2057
0.9248
0.2772
2.4880
5.7078
0.2581
-0.2253
0.0043
2.1017
-2.6374
1.2912
0.7359
2.5939
0.9091
-0.8487
-0.0999
2.8005
2.2094
1.8623
1.5650
5.3839
0.0753
-1.4935
1.9087
2.7777
2.7368
1.6032
4.1246
2.2588
3.0868
1.0731
1.4474
-1.8499
2.6932
1.8519
-0.6028
-1.6939
1.7489
0.0006
0.6551
1.6519
2.1303
1.0874
2.2102
-0.6875
0.6254
-1.1689
-3.9814
0.6462
0.3940
0.5392
-1.4736
-0.5868
0.5974
-0.9886
3.6277
-1.1303
-1.1217
-1.0148
1.8285
1.7912
2.7783
3.8591
0.5171
-4.1442
3.4176
-0.7067
1.8769
2.0175
0.9346
1.6606
1.1877
1.0423
-1.5552
0.9732
-0.5763
2.4907
-1.7998
1.4370
-0.4597
0.2519
1.9577
0.0626
2.0340
3.2393
0.5200
2.1335
3.0549
-0.0527
-0.6146
-0.6252
5.4391
-0.1758
1.5612
1.5719
0.2998
1.7459
5.6509
2.3856
1.8799
-2.0020
5.5214
-0.6205
5.2412
4.8639
-0.5237
0.1094
1.0689
-1.8741
-2.6619
-1.0510
3.7890
0.4473
-0.7705
3.2332
2.6692
5.5096
-2.4683
-2.4964
-1.1640
-1.2211
1.3578
2.7666
2.6159
-2.0967
2.7070
-0.1381
3.9504
-2.0218
0.3463
3.8886
0.3199
0.9145
-1.6499
-0.7965
1.2533
0.7986
1.3536
1.2769
-0.7673
-1.6405
-0.4671
-1.7963
-1.4952
-2.8856
1.9086
1.6374
0.9387
-0.2010
-0.8374
-0.2405
-0.4601
0.0620
-1.9467
-0.9549
1.4834
-1.8121
-1.8963
4.6846
2.0901
3.2279
1.7959
-2.3767
0.8826
-2.9536
-0.7273
2.2881
-2.5863
2.7648
-2.6725
1.7473
2.9611
-0.4159
2.9902
-0.5054
0.7109
3.2800
-0.9382
2.3780
-3.1939
0.1056
1.7450
-0.8481
-2.5790
1.1571
3.2193
1.1605
1.3384
-2.6675
4.6427
2.5432
2.1471
1.9216
-2.2730
1.1320
2.0279
1.1385
1.8482
1.2546
-2.0781
2.3284
-0.6450
-0.0896
-2.5351
-0.3845
1.3753
-0.6177
-0.0929
3.3265
0.6981
3.0765
1.7012
-0.2552
-0.7983
-0.6842
-2.9786
0.6843
-1.7585
-1.0415
-0.4650
-0.9716
1.9521
3.0402
-4.5778
3.4009
1.0394
-0.4530
0.7904
0.8632
-4.1447
0.8922
0.7475
-1.3050
3.2822
1.8228
0.3207
-2.0298
1.1001
2.2001
-1.8744
-0.9935
-4.2242
1.4944
2.4872
0.9104
0.3907
2.9937
1.2320
-1.9404
-1.7601
-1.3857
2.9042
2.4564
0.7120
1.6689
2.2295
-0.9018
-0.2166
-4.3270
0.3609
1.1034
-1.2928
1.3015
-0.3623
-0.6759
0.7339
1.0381
3.6123
-2.3711
3.5925
1.6225
5.4835
2.3573
1.8188
0.5946
1.8998
1.8283
0.1695
1.6612
2.4685
1.2590
2.9491
1.1203
2.3593
-2.1255
-1.5546
-0.5307
0.4875
-0.7664
-1.6879
1.5661
0.1545
0.7261
-1.8909
0.9234
-0.6351
0.7011
4.2623
2.2131
0.6801
-0.2374
-0.8984
0.2797
2.5455
1.0215
3.0761
2.2219
-0.4383
-1.2313
-1.0601
2.0806
0.9118
2.5870
0.7997
3.3595
0.4435
3.3402
-1.6590
0.9258
0.5798
1.2680
0.8914
0.4661
2.8943
3.1787
-0.6018
1.9622
4.0393
2.2804
0.9236
3.2595
3.0959
0.7782
0.5606
1.8930
0.8306
0.9557
1.5304
-0.0147
5.0142
-0.8822
-0.9160
-0.7495
1.4849
-1.4531
1.6271
0.5919
-0.8148
-0.7268
1.2154
1.7482
-1.5620
3.5506
3.0751
1.1181
2.0600
2.0433
2.2871
4.1844
2.0074
-2.2736
4.8626
3.2021
-0.1892
-1.0552
4.5050
0.2774
3.1761
1.2554
2.0910
3.3090
1.2366
-1.0332
-0.0900
1.8795
2.2036
3.2305
-0.9990
1.8031
-2.4266
-0.5565
0.9376
0.2527
-0.3912
2.3856
1.1556
-2.2342
3.0095
1.3028
1.6693
3.0040
0.5774
1.8419
1.0969
3.7686
0.6094
3.9034
2.7572
-0.2683
1.2884
-0.1256
2.0045
2.9685
2.8630
1.1582
5.5198
1.7534
1.3225
2.6552
0.5523
0.0908
-3.4022
2.3905
2.3484
-0.3688
1.1361
3.7745
-2.1493
-1.1114
-4.9247
0.5230
3.6802
-1.0751
-0.1495
1.9894
0.3737
1.4429
0.3327
2.1353
-0.3952
-1.7884
0.7464
-0.2339
1.2684
0.2867
4.9120
1.7633
4.9814
0.3681
-0.5666
-2.5056
-0.6597
2.5405
-1.7014
3.4811
0.7064
-1.6907
-0.6055
3.9250
4.3423
0.6151
-2.7629
0.3318
2.0868
-2.5499
-1.0005
0.3336
2.7089
0.2987
3.1920
2.9975
2.2772
0.6704
1.7205
-1.9289
1.8101
1.8577
-0.4920
-3.8855
0.4840
-1.0728
1.8274
3.3959
-1.2773
2.7217
1.7779
1.5922
1.5065
0.5841
2.1754
1.7519
-2.9980
0.1366
0.8039
3.3664
2.2543
-0.1059
-2.8407
2.8575
0.0433
-0.4447
0.2938
3.2079
3.0173
1.7972
-0.5097
0.9443
2.0886
0.2270
4.4417
1.9570
2.5872
-0.3229
0.6938
2.5331
2.9334
3.6459
-2.6909
1.4244
1.4664
1.6758
0.8836
5.8822
1.8699
-0.2134
0.0035
3.0810
2.6110
-0.3791
2.4361
-1.5761
2.7601
-0.1371
1.5226
0.1973
-5.7607
-1.9987
0.6955
0.5501
3.9262
-0.5023
3.8317
1.7863
-2.2412
-0.2987
-1.5981
2.0011
-2.3522
-1.5285
-3.8521
-0.7946
1.2339
1.1919
1.6172
1.0660
-2.5595
-1.3464
-0.0695
-0.7772
-0.7597
1.5907
1.8361
-0.5465
6.3659
6.2897
5.2991
1.2291
-1.9696
0.5627
1.8188
0.3272
0.8882
0.2740
2.8777
3.9822
1.0809
1.6072
-1.2818
1.5503
1.5960
3.8386
0.7968
1.4788
0.3836
1.1209
-1.2748
-1.9656
-2.4369
-1.6518
-0.6473
-0.1564
0.1684
-2.5878
1.0883
-0.7208
-0.9385
-1.5878
1.3201
1.6392
-2.5243
-1.8725
1.7297
-3.4542
1.6866
0.8680
-0.4954
-1.9959
-2.0716
3.7023
-4.5520
0.5157
1.8127
0.7548
-0.2080
0.8315
0.6449
-1.8412
0.9357
1.7809
-0.5975
-0.5851
0.1470
-1.4994
-0.4950
0.1694
-0.2808
-1.2383
0.6730
1.4614
0.4392
2.0704
4.0640
3.0614
1.1254
-3.3875
-3.4845
2.5398
0.5120
0.0360
-3.4294
0.5816
-1.4945
-1.3573
-0.8337
4.3996
5.2002
1.2274
3.8060
-3.4808
0.0068
0.9976
1.4473
0.3282
-2.6163
2.4870
5.3020
0.9681
4.4334
-3.8793
-2.5628
0.9559
-1.2483
1.6855
2.2267
1.3519
0.9470
2.5821
-0.7250
0.0902
1.2935
-0.0068
-1.0286
-0.2549
-2.6910
0.4771
-1.2579
1.0781
-0.2860
0.8348
-0.3590
1.1669
0.4974
-2.4245
-0.1866
1.7129
1.6453
-1.6168
-2.2499
3.6622
-1.8532
1.5066
2.3960
2.5672
-0.9303
2.0937
1.2711
2.0054
0.6710
1.0096
1.7430
-2.2087
2.5624
-2.6061
-4.4763
0.2290
-3.3600
-1.2638
0.5415
2.0952
1.3968
-2.3190
-0.8480
0.0577
2.1494
-0.9317
1.0787
-1.9791
0.4700
0.5465
1.3793
1.2490
3.0593
0.3379
1.8475
-0.6959
-0.7973
-0.8078
-1.0486
-2.2525
-1.3905
-0.4505
-1.3079
1.0518
0.6631
0.3280
0.2952
0.3868
0.6952
-0.3714
1.7171
3.9320
-2.9624
2.4138
-3.6028
-2.1159
-2.4278
-1.6348
0.2532
1.1996
1.3082
3.3120
-3.5969
0.1289
-2.4767
1.9450
2.1863
0.6201
1.7573
2.2984
-0.8464
-0.5958
-0.8890
1.1583
1.5908
2.8839
-2.4188
3.9279
-2.0492
-0.7259
1.0172
5.3996
0.9972
-0.0746
-5.5500
1.0918
1.3257
-0.3872
4.7571
0.1794
3.1347
-0.2469
-1.8832
0.1884
-0.2408
-0.3297
1.8257
1.5345
2.2174
-0.0808
0.3456
0.4058
0.7659
0.7353
1.2701
0.1165
3.1942
2.1711
2.1070
1.8077
4.4537
3.2986
2.2587
-0.9216
0.4981
-0.5366
1.8751
-4.6158
0.3189
-0.8329
-1.9705
-1.4999
2.2990
-1.4543
0.5395
0.6213
1.6236
5.7374
1.6627
3.7657
1.3587
0.5191
-2.0505
2.9911
1.6415
5.1474
-0.8464
0.3988
1.2027
-1.3175
-0.5705
-2.9512
-0.6810
-1.3725
2.0135
4.9387
3.1274
1.2767
-1.5553
-0.5753
0.1504
-0.3026
3.7797
0.2743
1.1044
0.4975
3.0461
3.3186
-0.7510
3.1866
1.4266
1.0301
2.2239
1.8651
1.0349
-3.4131
-3.3216
1.3678
3.7967
1.1617
0.1168
6.6070
-0.3323
-1.2773
-0.1609
-0.0466
0.4705
3.4285
2.9964
3.2072
1.4290
0.9238
0.0393
-0.3289
-3.5431
-0.4863
0.4863
4.0364
0.1020
1.4816
-1.6732
4.4469
1.5694
-0.3136
-0.1575
-1.6760
0.7029
2.7782
4.0561
1.2552
2.7591
1.7169
-0.9020
2.6778
0.6132
0.3777
3.3703
-0.1090
-1.0597
-0.9572
1.3848
3.2730
-0.4940
-0.3828
-0.3121
1.8707
0.1435
0.9855
-1.2362
1.9570
0.3233
1.4003
5.0390
1.6213
1.4621
-2.2654
-1.7554
3.0612
-0.0277
-0.4311
-0.1664
3.4959
3.7975
0.5485
2.7834
1.8848
-2.0364
0.6996
3.0575
1.4534
1.1494
2.5715
2.3931
-0.3421
-0.5286
0.1849
-0.8628
1.5635
-2.2641
-2.3848
-0.0618
1.1902
4.5862
2.3727
-0.6416
-0.3676
-3.4807
-0.5265
0.6427
3.8225
-0.6124
1.0727
-0.4399
5.4005
1.0999
0.8763
2.0534
-1.0189
-4.5419
-1.3091
-0.7885
-1.4011
-1.6892
-0.9238
-1.5329
-2.0036
2.3007
1.1072
1.8560
2.0351
-1.9655
2.6709
-0.8806
2.3944
-1.9714
-2.1786
-0.4498
-1.2163
-0.7913
0.4847
1.0719
1.8257
0.6008
0.9867
1.8240
-1.0791
1.0611
0.0162
-2.0204
-0.9262
2.6459
-0.7979
3.6231
1.7602
1.2784
0.8655
1.6611
-1.3150
-1.8062
2.9071
-1.8805
-1.8327
-1.3874
1.0536
-2.1495
0.1732
2.1673
-2.7369
1.0637
-1.0237
-1.4929
-0.4144
1.5502
-0.0669
-0.2936
1.0472
-2.8433
-1.7906
-0.4788
3.0939
-0.4479
-1.7897
1.2113
-1.0825
-3.3130
1.7531
-0.5927
-5.0239
-2.9792
0.1089
-2.4729
0.7374
-0.8528
1.0134
0.6368
4.4624
-0.3272
-0.5668
-0.0804
-2.3653
-1.2934
-0.1095
2.0677
-3.0885
-0.7358
1.3789
0.7622
1.0290
-0.1154
-1.0955
3.6648
0.3220
0.6851
4.6618
2.3197
0.9404
0.2399
-1.6122
1.5548
1.7425
4.0622
3.6155
2.8908
3.4692
-1.3280
3.8311
-0.5842
-1.7294
3.1366
5.4416
-2.0815
-0.0554
-0.0873
0.8867
3.2473
2.4218
-0.4575
2.5326
1.5922
-1.1107
1.5121
-0.2425
-2.0618
-1.2126
3.2374
3.2672
1.6472
0.0990
2.3320
2.1407
1.1434
-1.7037
1.9259
3.3985
1.1692
0.4159
0.1937
1.4223
-0.4272
3.1979
1.8618
-0.1982
3.4556
0.1776
1.8139
0.6255
4.1996
0.6717
0.9369
2.9827
2.0502
-1.9407
1.3068
-1.1828
-0.5120
-1.2648
1.8821
2.6400
1.2006
-1.3737
6.4781
-1.2923
0.8216
2.2785
-2.2015
0.9629
4.3062
1.8702
2.8834
3.7433
-1.3251
1.0539
0.7320
1.0469
-0.4416
0.9532
-0.0129
-0.0143
-0.3903
-0.1851
0.2777
0.2814
3.1305
2.2273
-2.1957
-3.7521
2.5968
0.6543
1.2084
-0.7848
1.5214
3.4058
5.2115
0.2542
2.0654
0.2654
3.0319
2.1793
-0.3241
0.4752
0.6197
2.9582
2.1536
2.1549
1.9208
0.1950
-0.1288
1.9884
1.5582
1.8223
0.4450
-4.5217
-2.4996
-0.7771
1.7693
0.9693
-1.7545
-2.3112
-0.5492
3.5281
3.6537
3.6301
-2.6454
-0.5166
-1.4015
0.1472
2.7065
-0.5915
0.1450
-2.0580
-1.4427
2.7708
-0.8197
-0.4517
-1.7884
-0.8393
-1.6052
-0.9521
-0.4578
0.8855
-0.7438
1.0568
-0.9150
-0.2946
-2.2254
-2.0872
-2.3647
2.7737
-1.5619
-0.0375
0.9373
2.2250
-0.3612
-1.7072
-1.9195
0.3482
-0.3761
-1.0279
-0.9453
-2.9750
4.4844
4.0267
0.4652
-1.0006
-0.3337
-1.0298
1.3765
1.2128
-0.1046
0.1983
-0.4023
-1.0803
2.5661
-0.3977
-1.7263
-3.4745
-2.1149
3.5634
-0.2192
2.4394
-0.2619
0.9523
1.0785
-1.4541
0.7974
1.1537
0.3222
1.0524
-2.0319
1.0176
-4.9041
1.3228
-3.0455
0.4228
2.4300
-0.4920
3.4496
-0.3224
1.2453
1.4769
-0.2507
-0.0953
-1.3587
2.9159
0.4432
-1.5390
-3.2350
0.8059
2.1211
-0.9110
-3.4976
2.3157
1.9850
-5.1177
-2.9982
-1.5559
-0.9858
-0.4235
-3.4086
3.0668
0.6606
0.8789
3.0201
-2.4227
1.4906
-2.1525
0.8455
2.4065
1.3995
-0.4127
-4.4296
3.6998
-0.3092
1.8432
-3.1557
-3.2326
5.0216
1.3945
0.3176
3.9059
0.4808
0.1038
-0.3630
4.1150
-0.5072
2.1756
2.0665
3.0892
3.9532
2.0936
3.3988
4.4674
0.5839
1.0784
0.5889
0.9787
3.5146
0.4327
-1.4233
-0.9630
0.5955
0.0475
2.1622
3.3092
1.6004
0.9053
4.3396
-1.3689
-1.6623
-1.1740
3.2791
0.3521
0.5045
-5.5796
2.6927
0.4626
2.7123
-0.4191
3.5478
0.7023
2.0831
-0.0010
2.8271
0.5683
1.4402
1.6551
1.8546
0.3589
0.8999
1.7720
-4.4313
0.5758
-1.3648
-0.8992
-1.0436
-0.5805
2.1381
3.7548
0.1875
2.6067
-0.1683
4.4036
0.5873
5.0110
-2.0488
-3.5253
0.1791
0.8943
1.3910
0.5024
2.8871
1.8258
-0.3875
2.9818
0.2081
0.8160
4.4231
0.1368
6.6861
0.2539
2.2159
0.3027
1.7994
-0.4803
1.5330
-5.4772
1.7956
2.7007
-0.9535
1.4014
-0.0522
3.2305
1.9339
2.5437
-1.8063
3.3445
-1.6026
-2.8527
-0.4344
6.8808
3.1324
-4.6059
0.8207
2.6256
0.7539
4.2475
-0.8436
1.6787
-0.3984
-0.1650
2.5254
3.2449
1.7983
-0.4118
0.2380
-2.6833
0.4963
0.9483
-3.0624
4.3137
-0.1897
-3.2222
1.8022
2.0029
5.5284
2.0804
5.9797
-0.4207
1.8862
0.0596
1.8751
-4.9491
0.4132
-2.0288
-3.3494
3.0835
0.5591
-0.1407
1.7131
1.4020
0.2058
1.5164
3.5112
4.8206
2.1308
-2.9877
3.1136
2.0125
1.4720
-0.1235
-1.3437
1.8262
0.2275
0.8101
2.2410
2.0016
3.2751
3.6587
-1.2550
1.0157
2.7579
-0.4028
1.5835
0.2575
2.6374
2.8218
2.5094
2.5536
-1.1178
-0.8234
1.2136
-0.1333
0.2809
1.9098
-0.0841
3.5387
-0.9789
-1.9876
1.5730
-2.8518
0.1695
-0.7841
-0.5860
0.1103
0.7747
2.2528
2.0597
2.1463
1.3523
2.3470
2.4537
-1.0392
-1.3258
1.2506
4.5175
-3.4339
-2.1133
2.7614
0.1865
0.5249
-0.0734
2.1946
0.1185
5.0221
-2.5169
1.9450
1.5585
3.1851
-2.5630
-0.5656
-0.1949
3.1450
-0.6142
2.5639
3.9414
-0.6749
1.6661
1.9831
3.3619
2.1588
2.0840
0.8538
3.1889
0.1130
2.8567
3.2971
0.5435
1.3834
3.4106
0.5165
0.8655
-1.2614
3.0604
3.1376
-3.2150
0.2859
-0.3811
-2.0339
0.6189
1.1589
1.6369
2.0219
2.0843
2.1452
0.5470
2.1692
4.1968
-2.1419
0.6613
-1.6307
0.2088
2.6161
-0.0983
0.6014
0.3295
0.7397
0.9165
0.3496
1.5798
-0.1668
-0.2444
2.3934
1.4425
-2.1643
-1.0611
-0.0029
1.7827
-0.6788
-0.5944
3.1464
-0.1315
-1.2463
0.3603
0.7473
1.4802
2.1464
0.9842
-1.0513
2.1205
-2.4927
0.2975
0.0365
0.9500
1.9667
2.6645
5.8835
-0.2698
-0.2403
-1.8544
3.1073
0.6669
3.3439
0.7753
4.7518
1.0925
2.4325
-0.3871
0.4474
0.1420
5.0392
0.0528
4.2766
-1.4982
1.6977
1.1758
2.4823
0.8863
2.7983
-0.0715
0.3985
0.5805
-0.7936
1.7671
3.1442
-0.4292
-0.0435
-0.5838
-1.4915
-0.9851
0.7869
0.6280
-3.2314
1.6673
4.3902
-0.4548
-1.7506
4.1993
0.4422
-1.0756
-1.2320
2.6259
1.9504
2.0325
0.7726
-3.5568
-1.5187
-3.1246
0.8664
3.9474
1.4776
-0.0264
2.8697
1.5294
3.7016
-2.4817
2.5503
2.1308
0.9860
-0.3838
0.4171
-1.0061
2.5845
0.3659
3.3287
-3.1121
-0.2592
-2.2680
5.5165
0.3086
0.3591
-1.2346
1.3319
0.3718
-0.2338
-1.2176
0.5834
4.7987
0.8424
-0.3535
1.0097
-0.2267
1.0402
0.7671
-1.3243
1.2645
-0.4030
2.0483
3.0702
0.8421
1.5281
-0.6097
-1.0252
-1.7023
0.5257
-0.3431
0.0976
-0.8094
-1.8799
3.5060
0.8974
-1.1402
1.5560
-2.6814
0.6166
3.7392
0.1600
1.6390
0.3551
0.4708
-1.2107
-2.6406
-0.6699
0.0075
-0.3652
-0.2989
-1.7745
0.0732
-0.8568
-1.2621
1.8775
2.3149
0.6767
0.2074
1.8121
-0.5486
-2.8992
0.8002
-1.6265
0.5012
1.1180
-1.1406
-1.8488
0.8545
-0.4427
-0.9828
-1.7529
-2.1624
1.7537
1.3140
-0.2250
0.3344
2.1546
0.5207
0.6146
1.2079
-0.4287
-0.1480
0.1540
-1.8786
-3.5615
-0.7002
-0.1062
-3.9530
1.2894
2.9259
-0.2479
0.6538
-1.2036
1.7596
0.9580
2.5609
4.3028
-0.2428
-1.2412
5.3790
0.2291
-1.0083
-3.7089
4.0594
-0.2674
3.9531
3.3915
0.3780
-0.8828
0.6067
0.6912
0.4095
1.3696
2.6900
1.4530
-2.3854
0.0809
0.8795
-0.9721
-0.6463
0.6128
1.8328
-0.9866
-1.8747
-1.1103
-0.9422
1.0745
-2.1976
0.3969
1.3838
-1.0880
-2.2137
0.4472
0.4062
-2.8920
2.8467
-1.8376
3.9477
0.5566
-3.3402
2.0453
1.4239
0.7840
-0.1665
-0.0302
-1.5592
2.4516
0.8049
1.0395
-1.8403
2.1247
-0.0910
-1.2992
-2.5870
-0.6706
-0.2158
-3.8931
1.0515
2.0664
1.6204
-1.3536
-1.2985
-0.9935
-1.7429
-0.5111
-0.6907
-1.5833
3.2816
-0.2997
-0.4197
-1.1977
-1.8144
1.0147
-0.3710
-2.4255
-0.3159
2.8540
2.4261
-0.0692
0.3583
-1.7519
-1.5837
-1.0531
-1.3029
0.1266
0.8868
4.1738
-0.7108
1.5109
1.2867
-0.7482
-3.4989
0.0766
0.6500
-0.3494
-0.2811
0.5367
3.2625
3.0168
1.5235
-0.5200
1.9097
-2.7005
-1.3379
1.7461
0.1972
1.7752
1.9280
0.3603
-0.2859
-2.0098
-0.9920
-1.3736
-0.2908
1.9806
0.5758
1.8515
3.4739
-5.2936
-1.3023
0.1526
-2.3673
0.1348
-0.2579
2.2515
0.9893
2.2294
-1.4316
2.7351
0.4082
-0.9092
-2.3136
1.7394
-0.7229
2.2912
-0.2017
-1.0021
-2.6908
-0.1298
0.2048
3.1320
3.2886
-0.6974
2.6171
4.6095
-3.6953
2.8726
-1.2485
-2.3937
1.8819
0.3605
0.7924
-0.7334
-1.2097
-2.0932
-1.7755
-2.0504
0.6110
1.5826
1.6176
1.5547
3.4339
0.1594
2.6434
2.5904
0.6737
1.8636
-1.1098
-0.4908
2.0483
-1.8639
2.2296
0.7434
4.0654
1.2258
0.4258
-3.2764
-4.1688
2.4485
2.1048
0.0453
0.6943
2.8466
0.6129
2.4264
5.3936
-0.5820
0.6448
0.0217
0.3040
-0.1688
-3.7082
4.8426
2.3043
-0.4551
-0.4636
2.2804
-0.1265
3.0255
0.7886
3.1678
5.9445
3.1333
4.6247
0.6467
-0.7320
1.5209
2.9806
1.4821
-1.5359
1.7476
-0.8044
-0.8890
0.0433
-1.3746
1.6282
3.4698
0.9494
0.3490
0.2345
2.0026
-2.1350
4.5954
2.2030
3.2476
-0.6473
2.7103
0.6198
-1.3684
0.1013
0.9604
3.5805
1.9545
0.7627
1.4828
-1.6780
2.6116
1.7245
2.2967
-1.4273
0.5058
0.6388
0.9091
0.3800
-1.7711
1.6635
0.2405
0.1545
2.0700
0.3068
-5.0344
1.3624
-0.0662
0.6740
2.0897
-1.6254
2.7661
-0.8749
1.4422
0.7598
-0.1603
2.2166
-1.0980
-1.8640
-0.6668
1.0687
0.5690
-0.9399
5.2219
0.4277
3.0565
0.0514
0.8180
-3.2487
0.6614
3.6633
1.5263
-0.9394
0.8314
3.5329
-0.3954
0.7322
-0.3591
-1.6437
3.1217
-0.1018
0.5500
1.6401
0.5659
1.9815
0.3413
1.6487
2.5174
1.3800
1.7946
1.3272
4.0992
3.7295
0.7857
0.7989
0.6288
0.2357
3.3421
1.4129
3.3161
1.0404
1.6591
-0.1093
2.4520
-1.6873
1.4352
0.0060
0.5710
2.5079
-2.4947
-1.0188
4.5668
0.0733
-5.0630
-1.7142
-0.1175
-3.9443
-1.5955
4.2954
-1.1960
-0.1746
1.2442
-0.8168
0.8032
3.1267
-1.0150
0.6778
-0.0220
0.4971
0.1380
2.7213
1.4266
-3.7653
-3.6529
-3.0251
-0.4720
0.2178
-3.4366
-1.2079
4.2152
1.4397
-1.0015
0.2587
-0.3614
-2.9517
1.8715
2.9666
-1.7611
-0.0791
0.2248
-0.9205
-0.3477
3.0766
-1.8598
-0.9846
-1.1243
-1.2758
-1.9507
-1.6824
-4.8418
-0.9478
-0.4111
-0.4897
1.4810
-4.2786
-0.2901
2.0682
0.0081
0.4166
0.8918
-0.6489
-0.3427
0.5147
-0.3526
0.8816
2.2502
1.6309
1.2612
-1.3264
0.3929
-0.0844
0.7061
-1.7904
-0.1682
-0.9148
-0.1277
-1.5203
2.4704
1.6621
0.2765
-1.6710
-3.6261
1.6758
-0.6096
-1.4588
-2.5090
-1.4886
0.0500
3.1755
0.9780
-3.7566
-1.3361
-1.8985
2.8743
-0.5396
-0.0509
-3.8963
-0.3114
-1.6273
1.4914
2.9916
0.2446
-1.7157
1.4216
-1.4150
-0.1560
-0.7696
-1.6757
3.0215
0.4541
1.2575
-1.1522
0.1830
1.1665
-1.4558
-2.7970
-0.4791
1.0002
2.0132
0.4971
-1.1331
-1.3736
-0.1343
0.6022
0.1874
